Filtrados por tiempo entre barra y tecla:

R13 -> 22	1	2,10480000000000	6,67660000000000	0	0	1
S10 -> 10	0	8,24110000000000	5,35140000000000	0	0	1
S13 -> 13	1	0,0300840000000000	6,41280000000000	0	0	0
S13 -> 9	1	1,49110000000000	4,36780000000000	0	1	0
S10 -> 10	0	8,24110000000000	5,35140000000000	0	0	1


Filtrado por tiempo entre imágenes y barra:
R2 -> 11	0	45,9334000000000	0,738190000000000	0	0	0
S10 -> 24	0	26,9969000000000	0,317420000000000	0	0	1
S5 -> 14	0	60,2255000000000	0,0891340000000000	1	0	0
S5 -> 23	1	23,3439000000000	0,194220000000000	0	1	0
R2 -> 25	1	41,0690000000000	1,82700000000000	0	1	0

